Siruta,Carne,Peste,LegumeFructe,Uleiuri,Lactate,Morarit,Panificatie
57350,0.0,0.0,0.0,0.0,100.0,0.0,0.0
73736,0.0,0.0,100.0,0.0,0.0,0.0,0.0
147465,0.0,0.0,0.0,0.0,0.0,0.0,100.0
114710,3.7267080745341614,0.0,0.0,0.0,0.9316770186335404,0.0,95.34161490683229
122908,0.0,0.0,0.0,0.0,0.0,0.0,100.0
131103,0.0,0.0,0.0,0.0,0.0,0.0,100.0
172082,0.0,0.0,0.0,0.0,0.0,0.0,100.0
49206,0.0,0.0,0.0,0.0,0.0,0.0,100.0
106559,28.143712574850298,0.0,0.0,0.0,5.9880239520958085,0.0,65.86826347305389
139330,30.0,0.0,0.0,0.0,0.0,0.0,70.0
98373,0.0,0.0,0.0,0.0,0.0,0.0,100.0
147526,0.0,0.0,0.0,0.0,0.0,3.669724770642202,96.3302752293578
16454,0.0,0.0,0.0,0.0,0.0,100.0,0.0
65609,7.142857142857142,0.0,0.0,0.0,0.0,0.0,92.85714285714286
41033,0.0,0.0,0.0,0.0,0.0,0.0,100.0
16472,0.0,0.0,0.0,0.0,0.0,0.0,100.0
139358,99.96468926553672,0.0,0.0,0.0,0.0,0.0,0.03531073446327684
90208,100.0,0.0,0.0,0.0,0.0,0.0,0.0
155760,0.0,0.0,0.0,0.0,0.0,54.285714285714285,45.714285714285715
32884,100.0,0.0,0.0,0.0,0.0,0.0,0.0
114809,45.22821576763486,0.0,0.2074688796680498,0.0,0.0,0.0,54.56431535269709
16506,0.0,0.0,0.0,0.0,0.0,0.0,100.0
73852,0.0,0.0,0.0,0.0,0.0,0.0,100.0
106620,0.0,0.0,0.0,0.0,0.0,0.0,100.0
41088,0.0,0.0,0.0,0.0,0.0,81.25,18.75
98435,0.0,0.0,0.0,0.0,0.0,0.0,100.0
131210,0.0,0.0,0.0,0.0,0.0,0.0,100.0
65681,0.0,0.0,3.2,0.0,0.0,0.0,96.8
155797,0.0,0.0,0.0,0.0,0.0,100.0,0.0
41113,0.0,0.0,100.0,0.0,0.0,0.0,0.0
16551,0.0,0.0,0.0,0.0,0.0,0.0,100.0
114854,0.0,0.0,3.125,0.0,0.0,0.0,96.875
131256,51.03305785123967,0.0,0.0,0.0,0.0,4.338842975206612,44.62809917355372
106684,82.88621646623497,0.0,0.0,0.0,0.0,0.0,17.11378353376503
24766,100.0,0.0,0.0,0.0,0.0,0.0,0.0
73923,0.0,0.0,0.0,0.0,0.0,76.92307692307693,23.076923076923077
155840,0.0,0.0,0.0,0.0,0.0,0.0,100.0
98505,0.0,0.0,0.0,0.0,0.0,100.0,0.0
57546,0.0,0.0,0.0,0.0,0.0,0.0,100.0
147660,0.0,0.0,0.0,0.0,78.57142857142857,0.0,21.428571428571427
41177,0.0,0.0,0.0,0.0,0.0,0.0,100.0
82136,100.0,0.0,0.0,0.0,0.0,0.0,0.0
123102,50.0,0.0,50.0,0.0,0.0,0.0,0.0
8425,0.0,0.0,0.0,0.0,0.0,0.0,100.0
114925,2.857142857142857,0.0,0.0,0.0,0.0,0.0,97.14285714285714
57582,0.0,0.0,0.0,0.0,94.11764705882352,0.0,5.88235294117647
106746,73.45971563981043,0.0,0.0,0.0,1.4218009478672986,0.0,25.118483412322274
155911,0.0,0.0,0.0,0.0,0.0,0.0,100.0
131336,0.0,0.0,0.0,0.0,0.0,0.0,100.0
73996,0.0,0.0,0.0,0.0,0.0,0.0,100.0
49439,0.0,0.0,0.0,0.0,0.0,100.0,0.0
106782,0.0,0.0,0.0,0.0,0.0,0.0,100.0
164133,0.0,0.0,0.0,0.0,0.0,0.0,100.0
65841,0.0,0.0,0.0,0.0,3.0303030303030303,9.090909090909092,87.87878787878788
172340,0.0,0.0,0.0,0.0,0.0,94.44444444444444,5.555555555555555
106817,0.0,0.0,3.225806451612903,0.0,3.225806451612903,0.0,93.54838709677419
82243,0.0,0.0,0.0,0.0,0.0,0.0,100.0
41284,0.0,0.0,0.0,0.0,100.0,0.0,0.0
147786,0.0,0.0,0.0,0.0,0.0,100.0,0.0
131407,97.1576227390181,0.0,0.0,0.0,0.0,0.0,2.842377260981912
57706,80.75117370892019,0.0,0.0,0.0,0.9389671361502347,0.0,18.30985915492958
131443,0.0,0.0,0.0,0.0,0.0,0.0,100.0
98685,0.0,0.0,9.090909090909092,0.0,0.0,90.9090909090909,0.0
65921,8.24742268041237,0.0,0.0,0.0,0.0,0.0,91.75257731958763
49545,0.0,0.0,0.0,0.0,100.0,0.0,0.0
57742,0.0,0.0,0.0,0.0,0.0,0.0,100.0
41382,0.0,0.0,0.0,0.0,0.0,0.0,100.0
24999,0.0,0.0,0.0,0.0,0.0,100.0,0.0
90538,0.0,0.0,0.0,0.0,0.0,0.0,100.0
172457,0.0,0.0,0.0,0.0,0.0,0.0,100.0
33202,0.0,0.0,0.0,0.0,0.0,0.0,100.0
139704,3.6585365853658534,0.0,8.94308943089431,0.0,6.910569105691057,0.40650406504065045,80.08130081300813
156106,0.0,0.0,0.0,0.0,0.0,0.0,100.0
41417,0.0,0.0,0.0,0.0,0.0,0.0,100.0
115147,0.0,0.0,0.0,0.0,0.0,0.0,100.0
131540,85.96491228070175,0.0,0.0,0.0,0.0,0.0,14.035087719298245
98774,0.0,0.0,0.0,0.0,0.0,0.0,100.0
66009,100.0,0.0,0.0,0.0,0.0,0.0,0.0
49625,0.0,0.0,0.0,0.0,0.0,0.0,100.0
33248,0.0,0.0,0.0,0.0,0.0,34.883720930232556,65.11627906976744
106979,10.204081632653061,0.0,0.0,0.0,0.0,0.0,89.79591836734694
147937,0.0,0.0,0.0,0.0,0.0,5.405405405405405,94.5945945945946
123371,0.0,0.0,0.0,0.0,100.0,0.0,0.0
25068,0.0,0.0,0.0,0.0,0.0,100.0,0.0
107001,100.0,0.0,0.0,0.0,0.0,0.0,0.0
33275,0.0,0.0,0.0,0.0,0.0,0.0,100.0
131577,0.0,0.0,0.0,0.0,100.0,0.0,0.0
41471,0.0,0.0,0.0,0.0,0.0,0.0,100.0
16908,0.0,0.0,0.0,0.0,0.0,0.0,100.0
66081,0.0,0.0,0.0,0.0,0.0,0.0,100.0
139811,0.0,0.0,0.0,0.0,0.0,22.22222222222222,77.77777777777779
148006,0.0,0.0,0.0,0.0,0.0,0.0,100.0
115236,0.0,0.0,0.0,0.0,0.0,100.0,0.0
131620,0.49019607843137253,0.0,0.0,0.0,0.0,77.20588235294117,22.30392156862745
164393,0.0,0.0,0.0,0.0,0.0,66.66666666666666,33.33333333333333
57902,88.88888888888889,0.0,0.0,0.0,1.1111111111111112,1.1111111111111112,8.88888888888889
156213,0.0,0.0,0.0,0.0,100.0,0.0,0.0
25148,0.0,0.0,0.0,0.0,0.0,0.0,100.0
123479,0.0,0.0,0.0,0.0,0.0,50.0,50.0
156259,0.0,0.0,0.0,0.0,0.0,0.0,100.0
98916,0.0,0.0,0.0,0.0,0.0,100.0,0.0
139884,5.970149253731343,0.0,0.0,0.0,17.91044776119403,0.0,76.11940298507463
74359,0.0,0.0,0.0,0.0,0.0,100.0,0.0
156277,0.0,0.0,0.0,0.0,0.0,100.0,0.0
8826,0.0,0.0,0.0,0.0,0.0,4.545454545454546,95.45454545454545
82555,0.0,0.0,0.0,0.0,0.0,0.0,100.0
148097,0.0,0.0,0.0,0.0,95.0,5.0,0.0
25228,0.0,0.0,0.0,0.0,0.0,100.0,0.0
107154,0.0,0.0,0.0,0.0,0.0,0.0,100.0
41621,96.15952732644017,0.0,0.0,0.0,0.0,0.0,3.8404726735598227
156311,0.0,0.0,0.0,0.0,0.0,0.0,100.0
66198,0.0,0.0,0.0,0.0,0.0,100.0,0.0
33435,0.0,0.0,0.0,0.0,100.0,0.0,0.0
148131,0.0,0.0,0.0,0.0,0.0,0.0,100.0
98998,0.0,0.0,0.0,0.0,0.0,100.0,0.0
49849,0.0,0.0,0.0,100.0,0.0,0.0,0.0
115389,0.0,0.0,0.0,0.0,7.6923076923076925,0.0,92.3076923076923
41667,0.0,0.0,0.0,0.0,0.0,0.0,100.0
156357,0.0,0.0,0.0,0.0,0.0,0.0,100.0
123601,0.0,0.0,0.0,0.0,0.0,0.0,100.0
41701,0.0,0.0,0.0,0.0,0.0,0.0,100.0
49894,100.0,0.0,0.0,0.0,0.0,0.0,0.0
148202,0.0,0.0,0.0,0.0,99.57173447537473,0.0,0.4282655246252677
131817,0.0,0.0,0.0,0.0,0.0,0.6172839506172839,99.38271604938271
131835,0.0,0.0,0.0,0.0,0.0,100.0,0.0
33541,0.0,0.0,0.0,0.0,0.0,0.0,100.0
123674,0.0,0.0,0.0,0.0,0.0,12.5,87.5
58142,0.0,0.0,0.0,0.0,67.3469387755102,0.0,32.6530612244898
107314,0.0,0.0,0.0,0.0,100.0,0.0,0.0
156473,0.0,0.0,0.0,0.0,0.0,0.0,100.0
115520,0.0,0.0,0.0,0.0,0.0,0.0,100.0
9026,0.0,0.0,0.0,0.0,0.0,0.0,100.0
33603,0.0,0.0,0.0,0.0,68.25396825396825,0.0,31.746031746031743
148293,0.0,0.0,85.71428571428571,0.0,0.0,0.0,14.285714285714285
74581,0.0,0.0,0.0,0.0,0.0,0.0,100.0
33621,0.0,0.0,0.0,0.0,0.0,0.0,100.0
107350,0.0,0.0,0.0,0.0,21.428571428571427,0.0,78.57142857142857
41818,0.0,0.0,0.0,0.0,100.0,0.0,0.0
131933,0.0,0.0,0.0,0.0,0.0,0.0,100.0
50022,0.0,0.0,0.0,0.0,11.11111111111111,0.0,88.88888888888889
74616,0.0,0.0,0.0,0.0,0.0,0.0,100.0
33658,0.0,0.0,100.0,0.0,0.0,0.0,0.0
107403,0.0,0.0,0.0,0.0,0.0,0.0,100.0
82831,0.0,0.0,0.0,0.0,0.0,0.0,100.0
123790,0.0,0.0,0.0,0.0,0.0,0.0,100.0
58259,0.0,0.0,0.0,0.0,0.0,0.0,100.0
107430,0.0,0.0,0.0,0.0,100.0,0.0,0.0
66474,0.0,0.0,0.0,0.0,0.0,0.0,100.0
91054,0.0,0.0,0.0,0.0,0.0,0.0,100.0
115637,0.0,0.0,0.0,0.0,0.0,0.0,100.0
50102,0.0,0.0,2.803738317757009,0.0,0.0,0.0,97.19626168224299
172992,0.0,0.0,0.0,0.0,0.0,100.0,0.0
41925,0.0,0.0,0.0,0.0,0.0,54.54545454545454,45.45454545454545
58311,0.0,0.0,16.666666666666664,16.666666666666664,0.0,16.666666666666664,50.0
148426,87.17948717948718,0.0,0.0,0.0,0.0,5.128205128205128,7.6923076923076925
82895,0.0,0.0,0.0,0.0,0.0,0.0,100.0
107485,0.0,0.0,0.0,0.0,0.0,0.0,100.0
66526,0.0,0.0,40.0,0.0,0.0,20.0,40.0
132075,96.42857142857143,0.0,0.0,0.0,0.0,3.571428571428571,0.0
91116,100.0,0.0,0.0,0.0,0.0,0.0,0.0
1017,48.704663212435236,12.564766839378239,0.38860103626943004,0.0,0.38860103626943004,0.0,37.95336787564767
140280,0.0,0.0,100.0,0.0,0.0,0.0,0.0
115708,0.0,0.0,0.0,0.0,0.0,100.0,0.0
107519,0.0,0.0,0.0,0.0,0.0,0.0,100.0
42003,0.0,0.0,0.0,0.0,0.0,0.0,100.0
66580,0.0,0.0,0.0,0.0,0.0,0.0,100.0
58393,0.0,0.0,100.0,0.0,0.0,0.0,0.0
148514,100.0,0.0,0.0,0.0,0.0,0.0,0.0
156712,0.0,0.0,0.0,0.0,0.0,0.0,100.0
99370,0.0,0.0,0.0,0.0,100.0,0.0,0.0
9262,56.709741550695824,0.0,3.180914512922465,0.0,0.8946322067594433,2.2365805168986084,36.97813121272366
1071,100.0,0.0,0.0,0.0,0.0,0.0,0.0
50228,0.0,0.0,100.0,0.0,0.0,0.0,0.0
33845,0.0,0.0,0.0,0.0,100.0,0.0,0.0
107582,0.0,0.0,0.0,0.0,100.0,0.0,0.0
9280,0.0,0.0,0.0,0.0,0.0,0.0,100.0
164936,0.0,0.0,0.0,14.285714285714285,0.0,0.0,85.71428571428571
17496,0.0,0.0,0.0,0.0,0.0,0.0,100.0
33881,0.0,0.0,0.0,0.0,40.0,0.0,60.0
140379,0.0,0.0,0.0,0.0,13.043478260869565,86.95652173913044,0.0
25692,0.0,0.0,0.0,0.0,0.0,0.0,100.0
42076,0.0,0.0,0.0,0.0,100.0,0.0,0.0
74859,0.0,0.0,0.0,0.0,96.3076923076923,0.0,3.6923076923076925
74867,0.0,0.0,0.0,0.0,0.0,100.0,0.0
42101,94.57364341085271,0.0,0.0,0.0,1.550387596899225,0.0,3.875968992248062
164981,0.0,0.0,0.0,0.0,0.0,0.0,100.0
1151,0.0,0.0,0.0,0.0,0.0,0.0,100.0
156801,0.0,0.0,0.0,0.0,93.93939393939394,0.0,6.0606060606060606
115851,0.0,0.0,37.03703703703704,0.0,35.18518518518518,0.0,27.77777777777778
107662,0.0,0.0,0.0,0.0,100.0,0.0,0.0
9360,0.0,0.0,0.0,0.0,0.0,0.0,100.0
140440,0.0,0.0,0.0,0.0,0.0,0.0,100.0
33952,0.0,0.0,0.0,0.0,100.0,0.0,0.0
17575,0.0,0.0,0.0,0.0,0.0,0.0,100.0
66731,0.0,0.0,0.0,0.0,0.0,100.0,0.0
173230,0.0,0.0,0.0,0.0,0.0,0.0,100.0
9397,0.0,0.0,0.0,0.0,0.0,0.0,100.0
115897,0.0,0.0,0.0,0.0,0.0,0.0,100.0
148667,0.0,0.0,0.0,0.0,0.0,0.0,100.0
83133,4.195804195804196,0.0,20.27972027972028,0.0,28.671328671328673,0.0,46.85314685314685
1213,13.725490196078432,0.0,0.0,1.9607843137254901,9.803921568627452,29.411764705882355,45.09803921568628
42183,0.0,0.0,0.0,0.0,100.0,0.0,0.0
74956,0.0,0.0,0.0,0.0,0.0,0.0,100.0
83151,0.0,0.0,0.0,0.0,100.0,0.0,0.0
107733,0.0,0.0,0.0,0.0,0.0,0.0,100.0
148694,0.0,0.0,0.0,0.0,0.0,23.809523809523807,76.19047619047619
140501,0.0,0.0,0.0,0.0,0.0,0.0,100.0
132315,0.0,0.0,0.0,0.0,0.0,0.0,100.0
50399,0.0,0.0,0.0,0.0,0.0,100.0,0.0
25825,0.0,0.0,0.0,0.0,0.0,0.0,100.0
50415,100.0,0.0,0.0,0.0,0.0,0.0,0.0
9459,0.0,0.0,0.0,0.0,0.0,0.0,100.0
115959,0.0,0.0,0.0,0.0,0.0,0.0,100.0
148729,0.0,0.0,0.0,0.0,0.0,0.0,100.0
42236,0.0,0.0,0.0,0.0,0.0,0.0,100.0
140547,0.0,0.0,0.0,0.0,0.0,0.0,100.0
25861,100.0,0.0,0.0,0.0,0.0,0.0,0.0
99600,0.0,0.0,0.0,0.0,0.0,100.0,0.0
9495,0.0,0.0,88.67924528301887,0.0,0.0,0.0,11.320754716981133
34075,0.0,0.0,0.0,0.0,0.0,100.0,0.0
148765,0.0,0.0,0.0,0.0,100.0,0.0,0.0
66857,0.0,0.0,0.0,0.0,0.0,0.0,100.0
50479,0.0,0.0,0.0,50.0,0.0,50.0,0.0
124206,0.0,0.0,0.0,0.0,0.0,0.0,100.0
132404,0.0,0.0,0.0,0.0,12.5,0.0,87.5
9538,0.0,0.0,0.0,0.0,0.0,0.0,100.0
1348,35.75949367088608,0.0,0.0,0.0,20.253164556962027,1.2658227848101267,42.721518987341774
140627,0.0,0.0,0.0,0.0,0.0,100.0,0.0
75098,8.677248677248677,0.0,0.0,30.317460317460316,9.682539682539684,2.751322751322751,48.57142857142857
107868,0.0,0.0,0.0,0.0,0.0,0.0,100.0
9574,0.0,0.0,0.0,0.0,0.0,0.0,100.0
75114,0.0,0.0,0.0,0.0,0.0,0.0,100.0
83320,10.06711409395973,0.0,0.33557046979865773,0.0,22.818791946308725,0.16778523489932887,66.61073825503355
148872,0.0,0.0,0.0,0.0,100.0,0.0,0.0
75150,58.63309352517986,0.0,0.0,0.0,0.0,0.7194244604316548,40.647482014388494
107920,0.0,0.0,0.0,0.0,0.0,0.0,100.0
9627,0.0,0.0,0.0,0.0,0.0,100.0,0.0
132510,48.62385321100918,0.0,38.53211009174312,0.0,0.0,12.844036697247708,0.0
157086,95.31772575250837,0.0,0.0,0.0,0.0,0.0,4.682274247491638
17824,100.0,0.0,0.0,0.0,0.0,0.0,0.0
1455,8.064516129032258,0.0,0.0,0.0,0.0,0.0,91.93548387096774
9654,0.0,0.9302325581395349,0.0,0.0,1.8604651162790697,0.0,97.20930232558139
148916,0.0,0.0,0.0,0.0,0.0,0.0,100.0
17851,0.0,0.0,0.0,0.0,0.0,0.0,100.0
75203,11.746031746031745,0.0,0.31746031746031744,0.9523809523809524,5.079365079365079,3.8095238095238098,78.0952380952381
107975,0.0,0.0,12.5,0.0,0.0,0.0,87.5
67014,0.0,0.0,0.0,0.0,0.0,0.0,100.0
75221,0.0,0.0,0.0,100.0,0.0,0.0,0.0
34262,0.0,0.0,0.0,0.0,0.0,0.0,100.0
9690,8.0,0.0,0.0,0.0,0.0,0.0,92.0
173533,100.0,0.0,0.0,0.0,0.0,0.0,0.0
42464,0.0,0.0,0.0,0.0,0.0,0.0,100.0
140770,0.0,0.0,0.0,0.0,0.0,0.0,100.0
83428,0.0,0.0,0.0,0.0,0.0,0.0,100.0
34280,0.0,0.0,0.0,0.0,100.0,0.0,0.0
42480,0.0,0.0,72.72727272727273,0.0,27.27272727272727,0.0,0.0
108017,0.0,0.0,0.0,0.0,0.0,0.0,100.0
124411,0.0,0.0,0.0,0.0,0.0,100.0,0.0
75258,0.0,0.0,0.0,0.0,0.0,100.0,0.0
108035,0.0,0.0,0.0,0.0,0.0,0.0,100.0
26118,0.0,0.0,0.0,0.0,0.0,100.0,0.0
83464,40.65934065934066,0.0,0.0,0.0,0.0,0.0,59.34065934065934
9743,0.0,0.0,0.0,0.0,100.0,0.0,0.0
140823,100.0,0.0,0.0,0.0,0.0,0.0,0.0
34333,0.0,0.0,0.0,0.0,0.0,0.0,100.0
83491,0.0,0.0,0.0,0.0,0.0,0.0,100.0
58918,0.0,0.0,0.0,0.0,0.0,0.0,100.0
34360,0.0,0.0,0.0,0.0,0.0,0.0,100.0
149049,0.0,0.0,0.0,0.0,76.5625,0.0,23.4375
157246,0.0,0.0,0.0,0.0,0.0,0.0,100.0
83525,46.590909090909086,0.0,0.0,0.0,38.63636363636363,0.0,14.772727272727273
9798,0.0,0.0,0.0,0.0,0.0,0.0,100.0
75338,0.0,0.0,0.0,0.0,0.0,100.0,0.0
108106,0.0,0.0,0.0,0.0,0.0,80.0,20.0
132681,0.0,0.0,0.0,0.0,71.42857142857143,28.57142857142857,0.0
157273,0.0,0.0,0.0,0.0,0.0,0.0,100.0
50790,59.25507900677201,0.0,0.33860045146726864,0.0,0.0,0.0,40.40632054176072
9832,0.0,0.0,0.0,0.0,0.0,0.0,100.0
83561,52.94117647058824,0.0,0.32679738562091504,0.0,0.0,0.0,46.73202614379085
18028,0.0,0.0,0.0,0.0,0.0,5.88235294117647,94.11764705882352
58990,0.0,0.0,0.0,0.0,0.0,0.0,100.0
132716,0.0,0.0,0.0,0.0,0.0,0.0,100.0
149101,87.56218905472637,0.0,0.0,0.0,12.437810945273633,0.0,0.0
108151,0.0,0.0,0.0,0.0,40.0,0.0,60.0
99968,0.0,0.0,0.0,0.0,0.0,100.0,0.0
157317,100.0,0.0,0.0,0.0,0.0,0.0,0.0
149138,0.0,0.0,0.0,0.0,0.0,0.0,100.0
91795,0.0,0.0,0.0,0.0,0.0,0.0,100.0
140958,0.0,0.0,0.0,0.0,0.0,0.0,100.0
1696,98.88793840889649,0.0,0.0,0.0,0.0,0.0,1.1120615911035072
59041,0.0,0.0,0.0,0.0,0.0,0.0,100.0
116395,0.0,0.0,0.0,0.0,0.0,0.0,100.0
108204,0.0,0.0,0.0,0.0,0.0,0.0,100.0
26289,0.0,0.0,0.0,0.0,0.0,0.0,100.0
83632,41.66666666666667,0.0,0.0,0.0,0.0,0.0,58.333333333333336
173748,0.0,0.0,0.0,0.0,0.0,100.0,0.0
67256,0.0,0.0,0.0,0.0,0.0,100.0,0.0
42682,16.363636363636363,0.0,6.0606060606060606,0.0,6.666666666666667,4.545454545454546,66.36363636363637
132805,0.0,0.0,0.0,0.0,0.0,0.0,100.0
50889,0.0,0.0,0.0,0.0,0.0,0.0,100.0
26320,0.0,0.0,0.0,0.0,0.0,0.0,100.0
42708,0.0,0.0,0.0,0.0,0.0,4.938271604938271,95.06172839506173
124634,0.0,0.0,0.0,0.0,0.0,0.0,100.0
173793,0.0,0.0,0.0,0.0,0.0,0.0,100.0
149227,0.0,0.0,0.0,0.0,25.0,75.0,0.0
124661,75.0,0.0,0.0,0.0,0.0,25.0,0.0
100086,0.0,0.0,0.0,0.0,0.0,100.0,0.0
75515,0.0,0.0,0.0,0.0,0.0,25.0,75.0
67327,0.0,0.0,0.0,0.0,0.0,0.0,100.0
42753,0.0,0.0,0.0,0.0,14.285714285714285,0.0,85.71428571428571
1794,1.7241379310344827,0.0,0.0,0.0,0.0,45.689655172413794,52.58620689655172
10006,0.0,0.0,0.0,0.0,0.0,0.0,100.0
50969,88.57142857142857,0.0,0.0,0.0,0.0,0.0,11.428571428571429
83749,0.0,0.0,0.0,0.0,13.636363636363635,0.0,86.36363636363636
149290,0.0,0.0,0.0,0.0,0.0,0.0,100.0
124723,100.0,0.0,0.0,0.0,0.0,0.0,0.0
157497,82.27848101265823,0.0,0.0,0.0,0.0,17.72151898734177,0.0
108348,0.0,0.0,0.0,5.555555555555555,0.0,0.0,94.44444444444444
51010,11.475409836065573,0.0,0.0,0.0,0.0,0.0,88.52459016393442
149316,0.0,0.0,0.0,0.0,90.0,0.0,10.0
83785,0.0,0.0,0.0,0.0,0.0,0.0,100.0
141134,0.0,0.0,0.0,0.0,0.0,0.0,100.0
1874,0.3629764065335753,0.0,0.5444646098003629,0.0,85.2994555353902,0.0,13.793103448275861
157530,0.0,0.0,0.0,100.0,0.0,0.0,0.0
173935,0.0,0.0,0.0,0.0,0.0,0.0,100.0
51056,22.857142857142858,0.0,0.0,0.0,0.0,0.0,77.14285714285715
108400,68.0,0.0,0.0,0.0,32.0,0.0,0.0
34690,0.0,0.0,0.0,0.0,0.0,100.0,0.0
83847,0.0,0.0,100.0,0.0,0.0,0.0,0.0
1936,0.0,0.0,0.0,0.0,0.0,0.0,100.0
59283,0.0,0.0,0.0,0.0,0.0,0.0,100.0
133018,0.0,0.0,0.0,0.0,50.0,50.0,0.0
149414,0.0,0.0,0.0,0.0,0.0,0.0,100.0
108455,0.0,0.0,0.0,0.0,0.0,0.0,100.0
116652,0.0,0.0,0.0,0.0,0.0,0.0,100.0
51118,3.125,0.0,0.0,0.0,42.70833333333333,0.0,54.166666666666664
124849,0.0,0.0,0.0,0.0,100.0,0.0,0.0
108473,0.0,0.0,0.0,0.0,0.0,0.0,100.0
59327,0.0,0.0,0.0,0.0,0.0,0.0,100.0
26564,29.02208201892745,0.0,0.0,0.23659305993690852,0.15772870662460567,1.1041009463722398,69.4794952681388
174021,0.0,0.0,50.0,0.0,0.0,0.0,50.0
100308,0.0,0.0,0.0,0.0,0.0,100.0,0.0
26582,0.0,0.0,0.0,3.9215686274509802,3.9215686274509802,0.0,92.15686274509804
100326,0.0,0.0,0.0,0.0,100.0,0.0,0.0
18411,0.0,0.0,0.0,0.0,0.0,0.0,100.0
100335,100.0,0.0,0.0,0.0,0.0,0.0,0.0
157683,0.0,0.0,0.0,0.0,100.0,0.0,0.0
116723,0.0,0.0,0.0,0.0,100.0,0.0,0.0
100353,0.0,0.0,0.0,0.0,0.0,0.0,100.0
51207,2.7027027027027026,0.0,0.0,0.0,0.0,0.0,97.2972972972973
67595,0.0,0.0,0.0,0.0,0.0,0.0,100.0
43019,0.0,0.0,0.0,0.0,80.0,20.0,0.0
83981,0.0,0.0,50.0,0.0,0.0,0.0,50.0
92177,0.0,0.0,0.0,0.0,0.0,0.0,100.0
59416,0.0,0.0,0.0,0.0,0.0,5.555555555555555,94.44444444444444
26653,0.0,0.0,0.0,0.0,0.0,38.88888888888889,61.111111111111114
149539,0.0,0.0,0.0,0.0,0.0,0.0,100.0
34850,0.0,0.0,0.0,0.0,0.0,0.0,100.0
133161,87.46006389776358,0.0,11.661341853035143,0.0,0.0,0.0,0.8785942492012779
10293,0.0,0.0,0.0,0.0,0.0,0.0,100.0
116796,0.0,100.0,0.0,0.0,0.0,0.0,0.0
141376,0.0,0.0,0.0,0.0,0.0,0.0,100.0
26699,10.344827586206897,0.0,13.793103448275861,0.0,0.0,0.0,75.86206896551724
174156,0.0,0.0,0.0,0.0,0.0,0.0,100.0
34903,0.0,0.0,0.0,0.0,0.0,0.0,100.0
108632,0.0,0.0,0.0,0.0,0.0,0.0,100.0
67675,0.0,0.0,0.0,0.0,0.0,0.0,100.0
133214,100.0,0.0,0.0,0.0,0.0,0.0,0.0
18527,75.0,0.0,0.0,0.0,0.0,2.5,22.5
51305,0.0,0.0,0.0,0.0,0.0,0.0,100.0
26742,0.0,0.0,100.0,0.0,0.0,0.0,0.0
108669,0.0,0.0,0.0,0.0,0.0,0.0,100.0
116867,0.0,0.0,0.0,0.0,0.0,0.0,100.0
141447,0.0,0.0,0.0,0.0,0.0,0.0,100.0
157834,4.081632653061225,0.0,0.0,0.0,0.0,0.0,95.91836734693877
174218,0.0,0.0,0.0,0.0,100.0,0.0,0.0
18581,0.0,0.0,0.0,0.0,0.0,0.0,100.0
67737,0.0,0.0,0.0,0.0,0.0,0.0,100.0
108696,0.0,0.0,0.0,0.0,0.0,0.0,100.0
133278,0.0,0.0,0.0,0.0,0.0,0.0,100.0
100521,0.0,0.0,0.0,7.5,40.0,1.5,51.0
34985,0.0,0.0,0.0,0.0,100.0,0.0,0.0
108712,0.0,0.0,0.0,0.0,100.0,0.0,0.0
43180,0.0,0.0,0.0,0.0,100.0,0.0,0.0
174254,0.0,0.0,0.0,0.0,0.0,0.0,100.0
75953,0.0,0.0,0.0,60.0,0.0,40.0,0.0
26804,0.0,0.0,3.8461538461538463,0.0,0.0,0.0,96.15384615384616
84148,0.0,0.0,0.0,0.0,0.0,0.0,100.0
67773,0.0,0.0,0.0,0.0,0.0,0.0,100.0
59586,0.0,0.0,0.0,0.0,16.666666666666664,0.0,83.33333333333334
125123,0.0,0.0,0.0,0.0,0.0,100.0,0.0
116938,0.0,0.0,0.0,0.0,0.0,0.0,100.0
84175,0.0,0.0,0.0,0.0,0.0,0.0,100.0
133330,0.0,0.0,0.0,0.0,0.0,33.33333333333333,66.66666666666666
26840,0.0,0.0,0.0,0.0,0.0,0.0,100.0
100576,67.22925457102671,0.0,0.0,0.0,0.0,9.985935302390999,22.78481012658228
157923,0.0,0.0,0.0,0.0,0.0,0.0,100.0
35054,0.0,0.0,0.0,0.0,0.0,0.0,100.0
116983,0.0,0.0,0.0,0.0,0.0,9.090909090909092,90.9090909090909
149753,0.0,0.0,0.0,0.0,0.0,0.0,100.0
166137,0.0,0.0,0.0,100.0,0.0,0.0,0.0
26877,0.0,0.0,0.0,0.0,0.0,0.0,100.0
100610,0.0,0.0,0.8064516129032258,0.0,1.6129032258064515,40.32258064516129,57.25806451612904
84237,0.0,0.0,0.0,0.0,0.0,0.0,100.0
141580,0.0,0.0,0.0,0.0,0.0,0.0,100.0
133394,0.0,0.0,0.0,0.0,83.33333333333334,0.0,16.666666666666664
100638,0.0,0.0,0.0,0.0,0.0,100.0,0.0
10532,0.0,0.0,0.0,0.0,0.0,0.0,100.0
26920,100.0,0.0,0.0,0.0,0.0,0.0,0.0
84264,0.0,0.0,0.0,0.0,0.0,0.0,100.0
51500,100.0,0.0,0.0,0.0,0.0,0.0,0.0
59693,0.0,0.0,0.0,0.0,0.0,100.0,0.0
158010,0.0,0.0,0.0,0.0,0.0,0.0,100.0
43331,81.14558472553699,0.0,0.0,0.0,0.0,0.0,18.85441527446301
67906,0.0,0.0,0.0,0.0,0.0,38.46153846153847,61.53846153846154
100683,82.37410071942446,0.0,0.0,0.3597122302158274,0.0,0.0,17.26618705035971
108874,0.0,0.0,0.0,0.0,0.0,0.0,100.0
108892,25.0,0.0,0.0,0.0,0.0,0.0,75.0
26975,2.8169014084507045,0.0,0.0,13.145539906103288,1.4084507042253522,16.431924882629108,66.19718309859155
158065,0.0,0.0,0.0,0.0,0.0,0.0,100.0
51573,0.0,0.0,0.0,0.0,0.0,0.0,100.0
108918,0.0,0.0,0.0,0.0,100.0,0.0,0.0
117113,0.0,0.0,0.0,0.0,0.0,33.33333333333333,66.66666666666666
27007,0.0,0.0,0.0,0.0,0.0,5.714285714285714,94.28571428571428
133508,0.0,0.0,0.0,0.0,0.0,0.0,100.0
43411,0.0,0.0,0.0,0.0,0.0,22.22222222222222,77.77777777777779
100754,0.0,0.0,0.0,0.0,0.0,0.0,100.0
92569,70.89442815249268,0.36656891495601174,0.5131964809384164,0.0,0.0,4.398826979472141,23.826979472140764
141722,3.8461538461538463,0.0,0.0,0.0,0.0,0.0,96.15384615384616
84380,0.0,0.0,0.0,0.0,100.0,0.0,0.0
158109,0.0,0.0,0.0,0.0,0.0,43.373493975903614,56.62650602409639
108963,5.714285714285714,0.0,0.0,0.0,0.0,0.0,94.28571428571428
125347,0.3875968992248062,0.0,4.909560723514212,0.0,0.0,30.103359173126616,64.59948320413437
149931,0.0,20.0,0.0,0.0,80.0,0.0,0.0
100781,0.0,0.0,0.0,0.0,0.0,0.0,100.0
59826,0.0,0.0,0.0,0.0,0.0,0.0,100.0
117177,0.0,0.0,0.0,0.0,0.0,0.0,100.0
133562,0.0,0.0,0.0,0.0,0.0,0.0,100.0
84415,0.0,0.0,0.0,0.0,25.0,0.0,75.0
125374,76.92307692307693,0.0,0.0,0.0,0.0,23.076923076923077,0.0
35269,0.0,0.0,0.0,0.0,0.0,0.0,100.0
43466,0.0,0.0,0.0,0.0,0.0,0.0,100.0
76255,0.0,0.0,0.0,0.0,0.0,0.0,100.0
100834,2.4081115335868186,27.122940430925226,66.79340937896072,0.0,0.0,0.7604562737642585,2.915082382762991
43493,0.0,0.0,0.0,0.0,0.0,100.0,0.0
158181,0.0,0.0,0.0,0.0,0.0,62.5,37.5
59880,0.0,0.0,0.0,0.0,0.0,0.0,100.0
125418,58.69565217391305,0.0,0.0,0.0,0.0,0.0,41.30434782608695
109041,0.0,0.0,0.0,0.0,94.73684210526315,0.0,5.263157894736842
92658,10.970464135021098,0.0,0.0,74.82419127988749,2.390998593530239,0.2812939521800281,11.533052039381154
100852,0.0,0.0,0.0,0.0,0.0,0.0,100.0
76317,0.0,0.0,0.0,0.0,0.0,100.0,0.0
92701,31.03448275862069,0.0,0.0,0.0,0.0,3.4482758620689653,65.51724137931035
27169,0.0,0.0,0.0,0.0,0.0,0.0,100.0
125472,71.85792349726776,0.0,6.284153005464481,0.6830601092896175,0.0,5.737704918032787,15.437158469945356
158243,0.0,0.0,0.0,0.0,0.0,33.33333333333333,66.66666666666666
59942,0.0,0.0,0.0,0.0,0.0,100.0,0.0
43563,0.0,0.0,0.0,0.0,100.0,0.0,0.0
19007,0.0,0.0,0.0,0.0,0.0,100.0,0.0
117319,87.5,0.0,0.0,0.0,5.357142857142857,0.0,7.142857142857142
27212,0.0,0.0,0.0,0.0,0.0,0.0,100.0
84558,0.0,0.0,0.0,0.0,0.0,100.0,0.0
92765,11.188811188811188,0.0,0.0,0.0,0.0,86.7132867132867,2.097902097902098
35429,0.0,0.0,0.0,0.0,0.0,0.0,100.0
125542,0.0,0.0,0.0,0.0,16.666666666666664,0.0,83.33333333333334
100969,0.0,0.0,0.0,0.0,0.0,0.0,100.0
158314,0.0,0.0,0.0,0.0,48.10126582278481,0.0,51.89873417721519
43625,0.0,0.0,0.0,0.0,0.0,100.0,0.0
92783,0.0,0.0,0.0,0.0,0.0,100.0,0.0
10872,0.0,0.0,1.8867924528301887,0.0,0.0,0.0,98.11320754716981
109176,0.0,0.0,0.0,0.0,0.0,49.29577464788733,50.70422535211267
166529,0.0,0.0,0.0,0.0,0.0,100.0,0.0
101001,0.0,0.0,0.0,0.0,100.0,0.0,0.0
84629,0.0,0.0,0.0,0.0,0.0,0.0,100.0
27285,0.0,0.0,0.0,0.0,0.0,100.0,0.0
174744,9.817351598173515,0.0,9.58904109589041,0.0,12.785388127853881,16.894977168949772,50.91324200913242
60062,0.0,0.0,11.11111111111111,0.0,0.0,44.44444444444444,44.44444444444444
150178,0.0,0.0,0.0,0.0,25.0,0.0,75.0
133795,0.0,0.0,0.0,0.0,0.0,0.0,100.0
51877,100.0,0.0,0.0,0.0,0.0,0.0,0.0
92836,95.65217391304348,0.0,0.0,0.0,0.0,0.0,4.3478260869565215
19114,0.0,0.0,0.0,0.0,0.0,60.824742268041234,39.175257731958766
84656,0.0,0.0,0.0,0.0,2.247191011235955,0.0,97.75280898876404
117426,0.0,0.0,0.0,0.0,0.0,0.0,100.0
150196,37.5,0.0,0.0,0.0,0.0,62.5,0.0
125622,0.0,0.0,0.0,0.0,0.0,100.0,0.0
158396,0.0,100.0,0.0,0.0,0.0,0.0,0.0
174780,83.33333333333334,0.0,0.0,0.0,0.0,0.0,16.666666666666664
10943,0.0,0.0,0.0,0.0,0.0,0.0,100.0
19141,0.0,0.0,0.0,0.0,100.0,0.0,0.0
76497,0.0,0.0,0.0,4.166666666666666,0.0,4.166666666666666,91.66666666666666
109265,0.0,0.0,0.0,19.444444444444446,0.0,0.0,80.55555555555556
174824,0.0,0.0,42.857142857142854,0.0,0.0,0.0,57.14285714285714
166636,100.0,0.0,0.0,0.0,0.0,0.0,0.0
158449,0.0,0.0,0.0,0.0,66.66666666666666,0.0,33.33333333333333
27383,0.0,0.0,0.0,0.0,0.0,0.0,100.0
142079,0.0,0.0,0.0,0.0,0.0,0.0,100.0
43787,0.0,0.0,0.0,0.0,0.0,12.5,87.5
19212,0.0,0.0,0.0,0.0,0.0,100.0,0.0
174860,32.55813953488372,0.0,0.0,0.0,0.0,30.23255813953488,37.2093023255814
76558,0.0,0.0,0.0,100.0,0.0,0.0,0.0
166672,0.0,0.0,0.0,0.0,0.0,0.0,100.0
84754,0.0,0.0,0.0,0.0,0.0,0.0,100.0
101145,0.0,0.0,0.0,0.0,0.0,0.0,100.0
92961,0.0,0.0,0.0,0.0,0.0,0.0,100.0
43812,0.0,0.0,0.0,0.0,0.0,100.0,0.0
101163,0.0,0.0,0.0,0.0,0.0,0.0,100.0
27436,0.0,0.0,0.0,0.0,0.0,0.0,100.0
117550,0.0,0.0,0.0,0.0,85.14851485148515,0.0,14.85148514851485
68404,0.0,0.0,0.0,0.0,100.0,0.0,0.0
76601,0.0,0.0,0.0,0.0,0.0,0.0,100.0
158528,0.0,0.0,0.0,0.0,0.0,4.5662100456621,95.4337899543379
101190,0.0,0.0,0.0,0.0,0.0,0.0,100.0
174922,0.0,0.0,0.0,0.0,0.0,0.0,100.0
84825,0.0,0.0,0.0,0.0,89.1891891891892,0.0,10.81081081081081
93021,0.0,0.0,0.0,0.0,0.0,0.0,100.0
52062,0.0,0.0,0.0,0.0,0.0,0.0,100.0
2915,0.0,0.0,0.0,0.0,0.0,0.0,100.0
158564,4.411764705882353,0.0,0.0,0.0,0.0,0.0,95.58823529411765
109425,0.0,0.0,0.0,0.0,0.0,0.0,100.0
76674,31.03448275862069,0.0,0.0,0.0,0.0,0.0,68.96551724137932
150418,0.0,0.0,100.0,0.0,0.0,0.0,0.0
35731,38.7774594078319,0.0,0.09551098376313276,0.19102196752626552,3.7249283667621778,1.241642788920726,55.9694364851958
52115,0.0,0.0,0.0,0.0,0.0,0.0,100.0
76692,0.0,0.0,0.0,0.0,0.0,0.0,100.0
134050,99.29824561403508,0.0,0.0,0.0,0.0,0.0,0.7017543859649122
117667,0.0,0.0,0.0,0.0,0.0,0.0,100.0
175019,96.72727272727273,0.0,0.0,0.0,0.0,0.36363636363636365,2.909090909090909
2988,0.0,0.0,0.0,0.0,0.0,0.0,100.0
35759,0.0,0.0,0.0,0.0,0.0,0.0,100.0
76718,0.0,0.0,0.0,0.0,0.0,0.0,100.0
84923,0.0,0.0,0.0,0.0,66.66666666666666,0.0,33.33333333333333
109504,0.0,0.0,0.0,0.0,0.0,0.0,100.0
175055,0.0,0.0,0.0,0.0,0.0,0.0,100.0
134096,0.0,0.0,0.0,0.0,0.0,0.0,100.0
93156,100.0,0.0,0.0,0.0,0.0,0.0,0.0
158699,11.363636363636363,0.0,0.0,0.0,30.303030303030305,0.0,58.333333333333336
27631,21.568627450980394,0.0,0.0,0.0,0.0,1.9607843137254901,76.47058823529412
150524,0.0,0.0,0.0,0.0,0.0,100.0,0.0
35839,36.95652173913043,0.0,0.0,0.0,63.04347826086957,0.0,0.0
60419,2.2230320699708455,0.0,1.0204081632653061,8.454810495626822,15.123906705539358,26.6399416909621,46.53790087463557
125962,0.0,0.0,0.0,100.0,0.0,0.0,0.0
68627,0.0,0.0,0.0,0.0,0.0,100.0,0.0
44060,0.0,0.0,0.0,0.0,0.0,0.0,100.0
27686,0.0,0.0,0.0,0.0,11.538461538461538,0.0,88.46153846153845
60455,28.57142857142857,0.0,0.0,0.0,0.0,9.523809523809524,61.904761904761905
35884,0.0,0.0,0.0,0.0,0.0,0.0,100.0
125999,0.0,0.0,0.0,0.0,0.0,100.0,0.0
158779,0.0,0.0,0.0,0.0,0.0,21.428571428571427,78.57142857142857
150588,0.0,0.0,0.0,0.0,0.0,0.0,100.0
60482,84.28571428571429,0.0,0.0,0.0,0.4761904761904762,0.0,15.238095238095239
117827,0.0,0.0,0.0,0.0,0.0,0.0,100.0
126022,0.0,0.0,0.0,0.0,0.0,89.28571428571429,10.714285714285714
44113,0.0,0.0,0.0,100.0,0.0,0.0,0.0
85074,0.0,0.0,100.0,0.0,0.0,0.0,0.0
60507,0.0,0.0,0.0,0.0,8.108108108108109,0.0,91.8918918918919
35946,93.54838709677419,0.0,0.0,0.0,0.0,0.0,6.451612903225806
44140,0.0,0.0,0.0,0.0,0.0,0.0,100.0
27757,0.0,0.0,0.0,0.0,0.0,0.0,100.0
60534,0.0,0.0,0.0,0.0,0.0,0.0,100.0
167035,0.0,0.0,0.0,0.0,0.0,100.0,0.0
175224,0.0,0.0,0.0,0.0,0.0,0.0,100.0
85127,0.0,0.0,0.0,0.0,0.0,0.0,100.0
158859,0.0,0.0,0.0,0.0,0.0,100.0,0.0
126102,0.0,0.0,0.0,0.0,0.0,100.0,0.0
60570,0.0,0.0,0.0,0.0,0.0,0.0,100.0
36006,0.0,0.0,0.0,0.0,33.70786516853933,0.0,66.29213483146067
76969,0.0,0.0,0.0,0.0,0.0,7.142857142857142,92.85714285714286
150702,0.0,0.0,0.0,0.0,0.0,100.0,0.0
158895,0.0,0.0,100.0,0.0,0.0,0.0,0.0
93370,0.0,0.0,0.0,0.0,0.0,0.0,100.0
76996,0.0,0.0,0.0,0.0,0.0,100.0,0.0
27846,0.0,0.0,100.0,0.0,0.0,0.0,0.0
109773,12.625250501002002,0.0,0.0,0.0,2.6052104208416833,1.402805611222445,83.36673346693387
126166,0.0,0.0,0.0,0.0,0.0,100.0,0.0
60632,0.0,0.0,0.0,0.0,0.0,0.0,100.0
36060,0.0,0.0,0.0,0.0,60.0,0.0,40.0
150766,0.0,0.0,0.0,0.0,0.0,7.142857142857142,92.85714285714286
117998,0.0,0.0,0.0,0.0,100.0,0.0,0.0
109826,0.0,0.0,0.0,0.0,0.0,0.0,100.0
175368,0.0,0.0,0.0,0.0,0.0,0.0,100.0
60687,0.0,0.0,0.0,0.0,94.44444444444444,0.0,5.555555555555555
77082,0.0,0.0,0.0,0.0,0.0,0.0,100.0
27935,0.0,0.0,0.0,0.0,0.0,0.0,100.0
101662,0.0,0.0,0.0,0.0,0.0,100.0,0.0
44328,0.0,0.0,0.0,0.0,100.0,0.0,0.0
93487,0.0,0.0,0.0,0.0,0.0,0.0,100.0
60721,11.11111111111111,0.0,0.0,0.0,0.0,88.88888888888889,0.0
159035,100.0,0.0,0.0,0.0,0.0,0.0,0.0
11584,0.0,0.0,0.0,0.0,19.310344827586206,0.0,80.6896551724138
27971,0.0,0.0,0.0,0.0,0.0,0.0,100.0
85341,0.0,0.0,0.0,0.0,0.0,0.0,100.0
159071,0.0,0.0,0.0,0.0,0.0,100.0,0.0
77153,0.0,0.0,0.0,0.0,100.0,0.0,0.0
109924,0.0,0.0,0.0,0.0,0.0,0.0,100.0
60776,0.0,0.0,0.0,0.0,0.0,0.0,100.0
77180,0.0,0.0,0.0,0.0,0.0,0.0,100.0
60801,24.242424242424242,0.0,0.0,0.0,72.72727272727273,0.0,3.0303030303030303
167302,100.0,0.0,0.0,0.0,0.0,0.0,0.0
93575,0.0,0.0,0.0,29.166666666666668,0.0,70.83333333333334,0.0
167311,0.0,0.0,0.0,100.0,0.0,0.0,0.0
150935,0.0,0.0,0.0,0.0,10.0,0.0,90.0
93600,0.0,0.0,0.0,0.0,100.0,0.0,0.0
159142,0.0,0.0,0.0,0.0,0.0,100.0,0.0
85412,0.0,0.0,0.0,0.0,91.42857142857143,0.0,8.571428571428571
77224,0.0,0.0,0.0,0.0,0.0,0.0,100.0
52650,100.0,0.0,0.0,0.0,0.0,0.0,0.0
44462,0.0,0.0,0.0,0.0,100.0,0.0,0.0
60847,2.272727272727273,0.0,1.1363636363636365,13.068181818181818,0.0,0.0,83.52272727272727
93628,100.0,0.0,0.0,0.0,0.0,0.0,0.0
101822,0.0,0.0,0.0,0.0,0.0,0.0,100.0
36300,0.0,0.0,0.0,0.0,0.0,100.0,0.0
175590,0.0,0.0,0.0,0.0,30.434782608695656,69.56521739130434,0.0
110063,0.0,0.0,0.0,0.0,0.0,0.0,100.0
44532,0.0,0.0,0.0,0.0,0.0,100.0,0.0
77313,100.0,0.0,0.0,0.0,0.0,0.0,0.0
118281,0.0,0.0,0.0,0.0,30.23255813953488,0.0,69.76744186046511
101902,0.0,0.0,0.0,0.0,0.0,0.0,100.0
77331,0.0,0.0,0.0,0.0,0.0,100.0,0.0
93717,0.0,0.0,0.0,0.0,0.0,0.0,100.0
52758,0.0,0.0,0.0,0.0,0.0,0.0,100.0
85528,0.0,0.0,0.0,0.0,0.0,0.0,100.0
159259,0.0,0.0,0.0,0.0,0.0,0.0,100.0
19999,0.0,0.0,100.0,0.0,0.0,0.0,0.0
142881,0.0,0.0,0.0,0.0,0.0,100.0,0.0
110116,0.0,0.0,0.0,0.0,0.0,0.0,100.0
151077,0.0,0.0,0.0,0.0,0.0,0.0,100.0
52785,0.0,0.0,0.0,0.0,0.0,0.0,100.0
167473,11.931696905016008,0.0,6.424759871931697,0.0,0.021344717182497332,22.689434364994664,58.932764140875136
175670,0.0,0.0,0.0,0.0,0.0,0.0,100.0
151095,0.0,0.0,0.0,0.0,56.060606060606055,25.757575757575758,18.181818181818183
77377,0.0,0.0,0.0,15.625,0.0,0.0,84.375
101957,88.88888888888889,0.0,0.0,0.0,0.0,11.11111111111111,0.0
85582,0.0,0.0,0.0,0.0,0.0,0.0,100.0
151120,0.0,0.0,0.0,0.0,0.0,0.0,100.0
28246,77.27272727272727,0.0,0.0,0.0,0.0,0.0,22.727272727272727
36453,0.0,0.0,0.0,0.0,100.0,0.0,0.0
159339,75.0,0.0,0.0,0.0,0.0,0.0,25.0
93815,100.0,0.0,0.0,0.0,0.0,0.0,0.0
85626,50.0,0.0,50.0,0.0,0.0,0.0,0.0
69250,0.0,0.0,0.0,0.0,0.0,0.0,100.0
102035,0.0,0.0,0.0,0.0,0.0,0.0,100.0
36499,0.0,0.0,0.0,0.0,0.0,0.0,100.0
110232,0.0,0.0,0.0,0.0,0.0,100.0,0.0
159384,50.0,0.0,0.0,0.0,0.0,0.0,50.0
77475,0.0,0.0,0.0,0.0,0.0,100.0,0.0
52909,0.0,0.0,0.0,0.0,0.0,0.0,100.0
85680,0.0,0.0,0.0,0.0,0.0,100.0,0.0
69303,0.0,0.0,100.0,0.0,0.0,0.0,0.0
93888,0.0,0.0,0.0,94.90445859872611,0.0,0.0,5.095541401273886
159437,0.0,0.0,0.0,0.0,0.0,0.0,100.0
159446,0.0,0.0,0.0,0.0,0.0,0.0,100.0
110296,0.0,0.0,0.0,0.0,0.0,0.0,100.0
102106,0.0,0.0,0.0,0.0,0.0,100.0,0.0
93931,0.0,0.0,100.0,0.0,0.0,0.0,0.0
159464,0.0,0.0,0.0,0.0,0.0,0.0,100.0
159482,0.0,0.0,0.0,0.0,0.0,33.33333333333333,66.66666666666666
126718,0.0,0.0,0.0,0.0,0.0,100.0,0.0
85760,25.0,0.0,62.5,0.0,0.0,0.0,12.5
102160,4.545454545454546,0.0,2.272727272727273,0.0,0.0,0.0,93.18181818181817
44818,40.88023698688109,0.0,1.8620397799407533,12.399492170969106,0.0,20.90562843842573,23.952602623783324
167696,0.0,0.0,0.0,0.0,0.0,0.0,100.0
85788,0.0,0.0,0.0,0.0,0.0,0.0,100.0
159525,0.0,0.0,0.0,0.0,0.0,0.0,100.0
93995,0.0,0.0,0.0,0.0,0.0,100.0,0.0
44845,0.0,0.0,10.557184750733137,0.2932551319648094,23.46041055718475,11.436950146627565,54.252199413489734
118575,0.0,0.0,0.0,0.0,0.0,0.0,100.0
151344,0.0,0.0,0.0,0.0,0.0,0.0,100.0
12091,1.5151515151515151,0.0,0.0,0.0,46.96969696969697,0.0,51.515151515151516
175938,0.0,0.0,0.0,0.0,0.0,100.0,0.0
102213,0.0,0.0,0.0,0.0,0.0,0.0,100.0
20297,63.75694016039481,0.0,0.0,0.12338062924120913,1.542257865515114,16.409623689080817,18.167797655768045
53069,0.0,0.0,0.0,0.0,100.0,0.0,0.0
28497,0.0,0.0,0.0,0.0,0.0,0.0,100.0
85840,0.0,0.0,0.0,0.0,0.0,0.0,100.0
20313,0.0,0.0,0.0,0.0,0.0,0.0,100.0
12126,0.0,0.0,0.0,0.0,57.692307692307686,0.0,42.30769230769231
102240,100.0,0.0,0.0,0.0,0.0,0.0,0.0
175983,0.0,0.0,0.0,0.0,0.0,0.0,100.0
135020,0.0,0.0,0.0,0.0,0.0,100.0,0.0
167794,0.0,0.0,0.0,0.0,0.0,0.0,100.0
159614,55.16506922257721,0.0,13.418530351437699,0.0,3.727369542066028,0.10649627263045794,27.582534611288605
61318,0.0,0.0,0.0,0.0,0.0,0.0,100.0
151442,0.0,0.0,0.0,0.0,22.22222222222222,0.0,77.77777777777779
151451,0.0,0.0,0.0,0.0,100.0,0.0,0.0
159650,0.0,0.0,0.0,0.0,100.0,0.0,0.0
85920,0.0,0.0,0.0,0.0,100.0,0.0,0.0
118691,0.0,0.0,0.0,0.0,93.63636363636364,6.363636363636363,0.0
151460,0.0,0.0,0.0,0.0,0.0,100.0,0.0
151479,0.0,0.0,0.0,0.0,0.0,0.0,100.0
20411,0.0,0.0,0.0,0.0,0.0,0.0,100.0
61372,0.0,0.0,0.0,0.0,0.0,42.10526315789473,57.89473684210527
159687,0.0,0.0,0.0,0.0,0.0,0.0,100.0
36809,0.0,0.0,0.0,0.0,56.25,0.0,43.75
45003,10.0,0.0,0.0,0.0,0.0,0.0,90.0
94161,100.0,0.0,0.0,0.0,0.0,0.0,0.0
12242,100.0,0.0,0.0,0.0,0.0,0.0,0.0
118753,0.0,0.0,0.0,0.0,0.0,0.0,100.0
167909,0.0,0.0,0.0,0.0,0.0,0.0,100.0
135146,0.0,0.0,0.0,0.0,0.0,100.0,0.0
159730,0.0,0.0,0.0,0.0,0.0,0.0,100.0
20466,0.0,0.0,0.0,0.0,0.0,0.0,100.0
77812,61.38952164009112,0.0,1.366742596810934,0.0,0.0,0.22779043280182232,37.01594533029613
28665,0.0,0.0,0.0,0.0,0.0,0.0,100.0
159767,0.0,0.0,0.0,0.0,0.0,0.0,100.0
53274,0.0,0.0,0.0,0.0,0.0,0.0,100.0
118824,0.0,0.0,0.0,0.0,0.0,0.0,100.0
127019,0.0,0.0,0.0,0.0,0.0,0.0,100.0
159785,0.0,0.0,0.0,0.0,50.0,0.0,50.0
45101,6.024096385542169,0.0,0.0,0.0,0.0,0.0,93.97590361445783
167981,0.0,0.0,0.0,0.0,0.0,0.0,100.0
135226,0.0,0.0,0.0,0.0,0.0,0.0,100.0
94269,0.0,0.0,0.0,0.0,0.0,100.0,0.0
12368,0.0,0.0,0.0,0.0,0.0,0.0,100.0
20563,6.190476190476191,0.0,0.0,0.0,0.0,27.936507936507937,65.87301587301587
176212,0.0,0.0,20.0,0.0,0.0,0.0,80.0
77910,0.0,0.0,0.0,0.0,0.0,0.0,100.0
143450,50.46511627906977,0.0,0.0664451827242525,0.0,3.421926910299003,12.82392026578073,33.222591362126245
127064,0.0,0.0,0.0,0.0,0.0,0.0,100.0
28763,0.0,0.0,0.0,0.0,0.0,100.0,0.0
94312,0.0,0.0,0.0,0.0,0.0,0.0,100.0
168041,0.0,0.0,0.0,0.0,32.25806451612903,0.0,67.74193548387096
53372,0.0,0.0,0.0,0.0,0.0,0.0,100.0
143487,0.0,0.0,0.0,0.0,0.0,100.0,0.0
151683,3.3057851239669422,0.0,0.0,0.0,0.0,0.0,96.69421487603306
143502,100.0,0.0,0.0,0.0,0.0,0.0,0.0
102543,94.30379746835443,0.0,0.0,0.0,0.0,0.0,5.69620253164557
4240,0.0,0.0,0.0,0.0,0.0,0.0,100.0
28816,0.0,0.0,0.0,0.0,100.0,0.0,0.0
135315,100.0,0.0,0.0,0.0,0.0,0.0,0.0
37011,0.0,0.0,0.0,0.0,0.0,20.0,80.0
110740,0.0,0.0,0.0,0.0,0.0,0.0,100.0
151709,0.0,0.0,0.0,0.0,0.0,0.0,100.0
143520,25.0,0.0,0.0,0.0,0.0,0.0,75.0
102570,59.375,0.0,0.0,0.0,0.0,0.0,40.625
176301,0.0,0.0,0.0,0.0,0.0,0.0,100.0
61620,75.75757575757575,0.0,0.0,0.0,0.0,0.0,24.242424242424242
78016,0.0,0.0,0.0,0.0,0.0,0.0,100.0
127171,0.0,0.0,100.0,0.0,0.0,0.0,0.0
143557,0.0,0.0,0.0,0.0,2.2598870056497176,0.0,97.74011299435028
159945,0.0,0.0,0.0,0.0,0.0,0.0,100.0
102605,94.9685534591195,0.0,0.0,0.0,0.0,0.0,5.031446540880504
12509,0.0,0.0,0.0,0.0,0.0,0.0,100.0
110820,0.0,0.0,0.0,0.0,0.0,0.0,100.0
151790,33.41463414634146,0.0,0.0,1.951219512195122,0.0,2.4390243902439024,62.19512195121951
102641,0.0,0.0,0.0,0.0,0.0,100.0,0.0
53489,0.0,0.0,0.0,0.0,0.0,0.0,100.0
143619,2.9268292682926833,0.0,5.365853658536586,0.0,0.0,6.829268292682928,84.8780487804878
78089,0.0,0.0,0.0,0.0,0.0,0.0,100.0
151816,0.0,0.0,0.0,0.0,35.585585585585584,4.054054054054054,60.36036036036037
69900,2.0408163265306123,0.0,0.07037297677691766,0.7741027445460943,2.251935256861365,2.1111893033075297,92.75158339197748
4366,28.65296803652968,0.0,0.0,0.0,70.4337899543379,0.0,0.91324200913242
127251,0.0,0.0,0.0,0.0,0.0,31.818181818181817,68.18181818181817
151834,0.0,0.0,0.0,0.0,33.33333333333333,66.66666666666666,0.0
143646,100.0,0.0,0.0,0.0,0.0,0.0,0.0
168229,0.0,0.0,0.0,0.0,0.0,0.0,100.0
20778,4.219409282700422,76.79324894514767,0.0,0.0,0.0,0.42194092827004215,18.565400843881857
78141,15.529411764705884,0.0,2.1176470588235294,0.0,0.0,0.7058823529411765,81.64705882352942
151870,6.25,0.0,0.0,0.0,0.0,11.11111111111111,82.63888888888889
176445,0.0,0.0,0.0,0.0,0.0,100.0,0.0
143682,0.0,0.0,0.0,0.0,0.0,0.0,100.0
53577,25.0,0.0,0.0,0.0,75.0,0.0,0.0
69964,42.857142857142854,0.0,0.0,0.0,0.0,0.0,57.14285714285714
20821,0.0,0.0,0.0,1.875,0.0,15.625,82.5
102749,100.0,0.0,0.0,0.0,0.0,0.0,0.0
86366,80.0,0.0,0.0,0.0,0.0,0.0,20.0
12643,0.0,0.0,0.0,0.0,0.0,0.0,100.0
94562,0.0,0.0,0.0,33.33333333333333,0.0,66.66666666666666,0.0
151905,0.0,0.0,0.0,0.0,19.753086419753085,0.0,80.24691358024691
29038,0.0,0.0,0.0,0.0,0.0,0.0,100.0
119153,0.0,0.0,0.0,0.0,0.0,0.0,100.0
94580,0.0,0.0,0.0,0.0,0.0,0.0,100.0
143735,6.779661016949152,0.0,2.5423728813559325,0.0,0.0,31.35593220338983,59.32203389830508
176506,0.0,0.0,0.0,0.0,0.0,0.7407407407407408,99.25925925925925
160127,100.0,0.0,0.0,0.0,0.0,0.0,0.0
4482,0.0,0.0,0.0,0.0,0.0,0.0,100.0
102794,0.0,0.0,0.0,0.0,0.0,0.0,100.0
20876,18.012422360248447,0.0,0.0,0.0,6.211180124223603,0.0,75.77639751552795
12689,0.0,0.0,0.0,0.0,0.0,0.0,100.0
143771,36.84210526315789,0.0,0.0,0.0,0.0,0.0,63.1578947368421
37280,0.0,0.0,0.0,46.15384615384615,0.0,0.0,53.84615384615385
29092,0.0,0.0,0.0,100.0,0.0,0.0,0.0
86438,0.0,0.0,0.0,0.0,18.07909604519774,0.0,81.92090395480226
119206,0.0,0.0,100.0,0.0,0.0,0.0,0.0
151978,0.0,0.0,0.0,36.84210526315789,51.127819548872175,0.0,12.030075187969924
61871,0.0,0.0,0.0,0.0,0.0,100.0,0.0
78258,0.0,0.0,0.0,0.0,32.142857142857146,0.0,67.85714285714286
168372,0.0,0.0,0.0,0.0,0.0,0.0,100.0
45496,0.0,0.0,0.0,0.0,0.0,100.0,0.0
143806,0.0,0.0,0.0,0.0,0.0,0.0,100.0
53700,0.0,0.0,0.0,0.0,0.0,0.0,100.0
119242,0.0,0.0,0.0,0.0,0.0,0.0,100.0
70094,0.0,0.0,0.0,0.0,0.0,0.0,100.0
86487,0.0,0.0,0.0,0.0,0.0,0.0,100.0
70110,42.857142857142854,0.0,0.0,14.285714285714285,28.57142857142857,0.0,14.285714285714285
53728,0.0,0.0,0.0,0.0,0.0,0.0,100.0
29154,0.0,0.0,0.0,0.0,0.0,0.0,100.0
20965,0.0,0.0,0.0,0.0,0.0,0.0,100.0
176613,77.77777777777779,0.0,0.0,0.0,0.0,0.0,22.22222222222222
12778,0.0,0.0,0.0,0.0,0.0,0.0,100.0
78329,0.0,0.0,0.0,0.0,0.0,0.0,100.0
102909,0.0,0.0,0.0,0.0,0.0,0.0,100.0
61951,0.0,0.0,0.0,0.0,60.60606060606061,0.0,39.39393939393939
127493,0.0,0.0,0.0,0.0,0.0,100.0,0.0
168452,0.0,0.0,0.0,0.0,0.0,0.0,100.0
94731,0.0,0.0,0.0,0.0,0.0,0.0,100.0
70174,0.0,0.0,0.0,0.0,0.0,75.0,25.0
102945,100.0,0.0,0.0,0.0,0.0,0.0,0.0
119331,0.0,0.0,0.0,0.0,0.0,0.0,100.0
176686,0.0,0.0,0.0,0.0,0.0,0.0,100.0
45619,0.0,0.0,0.0,0.0,0.0,0.0,100.0
29243,0.0,0.0,0.0,0.0,0.0,100.0,0.0
12876,72.72727272727273,0.0,0.0,0.0,0.0,0.0,27.27272727272727
143959,0.0,0.0,3.278688524590164,0.0,0.0,0.0,96.72131147540983
168559,0.0,0.0,0.0,0.0,0.0,0.0,100.0
152172,0.0,0.0,0.0,0.0,0.0,100.0,0.0
176748,0.0,0.0,0.0,0.0,0.0,25.0,75.0
135789,100.0,0.0,0.0,0.0,0.0,0.0,0.0
12912,0.0,0.0,0.0,0.0,0.0,0.0,100.0
78454,0.0,0.0,0.0,0.0,0.0,0.0,100.0
12920,0.0,0.0,0.0,0.0,0.0,0.0,100.0
160387,0.0,0.0,0.0,0.0,0.0,100.0,0.0
21123,0.0,0.0,0.0,0.0,100.0,0.0,0.0
176793,0.0,0.0,0.0,0.0,0.0,0.0,100.0
29341,0.0,0.0,0.0,0.0,0.0,0.0,100.0
86687,17.823639774859288,0.0,0.0,0.0,0.5628517823639775,0.0,81.61350844277673
111275,0.0,0.0,0.0,0.0,0.0,0.0,100.0
119466,0.0,0.0,0.0,0.0,0.0,0.0,100.0
160430,0.0,0.0,0.0,0.0,0.0,0.0,100.0
70316,0.0,0.0,0.0,0.0,0.0,50.0,50.0
144054,60.909090909090914,0.0,0.0,0.0,0.0,0.0,39.09090909090909
45753,0.0,0.0,0.0,0.0,0.0,0.0,100.0
62137,0.0,0.0,0.0,0.0,0.0,10.714285714285714,89.28571428571429
21196,0.0,0.0,0.0,0.0,0.0,0.0,100.0
78542,0.0,0.0,0.0,0.0,0.0,0.0,100.0
70352,0.0,0.0,0.0,0.0,0.0,56.00000000000001,44.0
29403,0.0,0.0,0.0,0.0,0.0,0.0,100.0
103130,100.0,0.0,0.0,0.0,0.0,0.0,0.0
62191,0.0,0.0,0.0,0.0,89.28571428571429,0.0,10.714285714285714
144116,0.0,0.0,0.0,0.0,0.0,0.0,100.0
45815,0.0,0.0,0.0,0.0,100.0,0.0,0.0
152314,0.0,0.0,100.0,0.0,0.0,0.0,0.0
21249,0.0,0.0,0.0,0.0,0.0,100.0,0.0
